
11101100010010101001011001100101100011110000000111001000011001010110010111010111101101000011101111000111010000110010110011100011
01110001100101101111100000110100001110100110100111110001011010101101010100011010001101111111111000001101001011000011011011110010
10111110001011010101101001111011100011110100101110110011111111101101110100010101011110001011110100111110101011011100111101101010
11001111101001000101001111001000001100011010100101000011010111001111100000001110111010110111000000100001110100110101110110110101
11110011000111000111001100010101100110001100111011001111011011101100011100100100011110001011101111110010111011001001101011011010
00000100010110110000101101011000000001011110111011010110110000011011110000001110010111101100001101101101111111011000010011001011
01100010101111011110010100111011101011001010011100011100111000001110011000010101011111100000000111111001101110110110101101010011
10101000000110100100100011110101110101111101101011100011111100011001000000001011011100001010101001110010111001011001100101011111
01111100110110100111100111111111011100101110110010010110101011000100110110010110110100010101101100100001000011100011000011001010
00000100010100101100001110100000011100110011000010111010111101010000100101000001101101000100101000100000111011001000110111001110
10111001010001001001001011100100001100111001010110011100001001000001000011011000011011100011001000001110101010111111001101010111
01110000010011010101101000101111001001000110001100111011011100100100111011100101001110000111101001101010101110110011010001001010
01010100000001111001100111110111010010110110100000011111001110110110111000101110010011111110101010101111000000011010111111011110
01010101101101101111000111011111110100010100001111110011111011111111110010000111110110111110010110111111111010010001111101001111
10111101110100101011000111010110011010111100001001010110001001110100101011001100011010101110011011110110001011000100100001001000
11101101000101011000111100011010010101000101111011111011011001100000111111100000010000111111110010110100110111001110110100101111
01110101000111000000100111101000110111010100100000100010110110111100111011011001010000111011000111001101110001100101100101010011
01101010101011101110110100000011011000000011100101110110100110111100000101101011110000010110101010001001011001111100000010110001
00101001100111011010001001111010011011101001110011011110010010010011000000001101110110001110101010010000011010111110110000010001
11111001011111011011001011011001110110000111011000010010001001010101010010010110001010110101010111111111111001001001010001000101
11001011111011101010110110001000111100010000001101011111110100101100010101101101001000101000100101001100110011111000111101110000
11110110110101110100011011011100100010111000111110101101010010011011110111100110100010101000101110001101111111100110000100010011
11011010011111011011100000001111000001101001000100001011011010100101001111100000111001000000111111011010101110101001100001000110
10101110000101001011111001110011011001100010011000001001111101110101001101100011100000100010100000010110110110001110000001111101
01101100101101001101110111011001101100100110110100000000001001000110110111110000101000010101001000011100010101010101000001010000
11110101010110011000001111011000100111101001101010000010111011001111011100100110111101000001111111111100111001001000101000110101
01011011100110000001110011001001011111111001001111111011110010101110010011011010011100110110010000111010010010111101001101000000
00110100010110011110111010010101111100100100100101000001100101010010010011000111100000111010000111110010011111101101111011101010
11111010111011011101010101111110011111110011101011110011101110001001011101010010110010111110100110111101111011110111011001110001
11101001110110001111110100000000110010001111011111000101110011110110010011011010101100011111101111100111010101000110000111011111
10100000111011111101100100001110011010010011101101001101100110001111100001110100110000010111110101100011110011110110110111101110
10110101000010111000100011101001100010011100011110101100000111100100001000101011001100011110100011100001011101101011010110110001
11101110010001101101000011110001110100000010011001011000100000011010100111101001001101010001101110101100111001111101010001010111
00001110100001111011011111100010011111011101110000101100100111000100010000010001011100011110101101101001101100111001001001001010
10011000110101101000000100001000100110000100110101101101000110011110010101011101101001110010000010110111110111110001011100100110
00010111111100001010100011000001111111011000101111101110111111101100111100011000000001011001010001101100101110110100010000111101
00000011001000000100100010000001000110000000000111110101001011011100000110110001011110111011000111111110001011000010111101101100
01001111011011101110001000110010000100000001001100001111011011010100100000101100111100100000100000101111111010001110000000101001
10000101110011001011100111100101110110011101001011001010100010010111110001001101110100101111010010010001010011100110101011111111
10001110010000011110011001010111001000001000111100000011110000001101010110110110011110011011110110001100110100001001110101110100
01111111001011000101110100010000110101110101100001111110001010110000111011111111011110001100101100011111101110011011000110010001
10011000110000101111001000101101001000101110000010100001011110010001011001001100010001011100111101100111100100010111001011001011
00100001100101000101111001100110100011101111111010100001100111000111111111101001000001010101110111100100011010100111101011111010
01010111011001111101101011001010111110001001011010100010000110010101010011100001111001000011001011000000111000101010111000011010
10010000111111001110001101010111010110101111110001000001110110101100010111010011101101001000010100111011001111010101101110011111
00001001101100100111100010010111111010100111101101000000110110110110111000101001011101101111111100000010001001000010000110010111
11011101111100110010010110000101110010111000011111000111000000110101000010000010111101010001111010000111000010101100011101110101
00110101110110100010111010100110100001000000001010000001000101010001010101011111100001001011001010101100010011011001110101110101
10010100111100101110010000101011101111100111111000110011010000011011110111110011101011001111011110011110100001001111011111100011
00110001000010101110110001001100100001010111011101011110001101010001101001011111010111001011010001110111101101001110001010001110
01001101001000010110010000000100100111011110101000110111110110000001111010010001100010101110111100010001100111011101000000100010
00110111111010011001001001110100001001001111000011101011110001011100000100100100000111011011100111010010101010011010110101010101
10010001111111001000011100100000111101000110111110000000001110100100010001101010010010011010001101110100110011000110000111110110
00011101100101010001001000100001011100011001010010001001100101010010011101010010001011001110011111111111110010001001010001011111
11111000110010100001011101011010110110101100001100100011101111110010110110000110101001110011111100001100100101010110100100111001
11010000101000000000101001110000100111001100001110000110010100010110010101010101110100011100101101100111111011011110011011000100
01101011101101111110000000011101101100011000010000100001001011001001000111111100011100101000010111100010010100100110011001010101
11010111001001110000000000000111100001010001001001101000001011000010110000010100010110110100110001000010011011110111100001011110
00011101001000001101011111011000110100111110000111000011110011111110011011110010110010111011011001011110001110010001110100011111
01111000001010100011101110001100101100010100000100010000111111011011111001001110010101111011011111110100001111100011100100011011
00101101000111001101101001111001101011011011010000011111111001110000011010110101000111100000110011101000011110100000001001000010
01001101111110001110111010001001101110010100001111011111110010101111001001111010111001001001110000100110101001100011010101111000
10010110111011111110010110110000010010011010001000010111010011110110101101111011101100111001101111100111101001010100110010101001
01001000111000001110010011011101101110001011100001001010011111100001100001111000011110000011010110111110111101010001111011011101
10111100010000111001001111100001001001011001000001010111000010010000111010100111010010000111001010101110010100001100000011001011
10011111011011100001100100010010011011110011110111011001000111110001111011010011010000010000110101000000000011001000011000100101
01000101000111101011000001000100110101001101010100110000101101001010110100001111011011100000111011001011001101110000100000011100
01001101111100110110100100000101000100000110010001100110010011011110011110100011010011100010001001000110010000110011110110011101
01011101001111010010001000101010110011111000011010011100011101110000001010000111101101011011100110011111111010011100100111111100
00101100010101011110001111011010111100001000000000101101000001001000111011111111110111100000001011000100111011110010010010111011
01010100011001100010111110011110011110001100001110100001000011100111110101111001001101100111011101010100100100000111110101101011
01100100100101001001011000001100010110101001101100000000010110110000100111110111101101110111111110011001111111001001110000111111
01011100101001000010001001101010110111100000001110000110010000110011000111011101010001010001100011101101000010111110110000010011
11001000111100000101111101000000100111011100110111100010101101010101010001111010101000010011011000111001010011110000001011101101
10010110001000110100111100010101110100010100111011110010001010101111110111001000000101110010101111001001010001101101101111110101
00101100000010100110101100111011111011100111001110110101110100110111101110001000001000100100111111000000111010101111100111000000
11101101010100111100000110110011000111001101010000011010001100110001010101100010000011000001100111001000001000110011101110011111
11010101110101101011001100111110101000000101011011110100110100011110110110011001010111010011111100101001111100011011011100100100
10010110010100010100001110000100110101000000111111010101000111001100111010001101000100101011101010101011101100000000000011100010
10101101111111100100001100100111111000101010110011011100101110110000101010000100010100111110100001101010011111010011011100001011
01111100111010111000111000111101001001110010000000110001101000010100001000011001110000100111111111101011001000110111000111101100
01110001010011000101101010111010110110001011000101011000100110111100111011000010001100011000100101001000100001010100110101000011
00010100001111001100111100111010101111100011111010100111110000100111001101110001011111100101000110000110000101011111111101111001
10111000000001011110111000001111010010011111111100111111010011111010010100011110101001100011100110010101001100010100110101010111
11010111000100100101010011001100010001000100000101101001100010001001101101111000111010100100000100001100111000000001011100001010
11001100101100000000000000111111100001000101001101100000010101000100101010111001111100100011010001101101100010101010100011011010
01001001011111001010100100010010001010101010101001010000010011101111001111001011111111000111000100011101001110001011001100110011
11111011000100111111100000011110001101000101111000010101111110001010010101010101111001101011001001011100001011100000010101011010
00101011110001011001100010101010011101011110110100000010010100111001001010110011000011001101101111100101110100100010111111111011
10100101111111000000000011010011100010010001110000010110110111000010101010010011110110011010101111100011101001000011001001101011
01011100101011010010111100101010100111100000111101100000000000011011111111111011001001010110110010100101001100110001101010000101
10010100011101111110101001001011010111000000001100011110101111010010001010011000110111110111100101011110000110101010110001001010
11111101000010010000000000100111000111010000010101010010000101010001001101011110000001000001111000010000101100011101010110101111
01011110110100000011001001101100000010001110110101110000100011100110100100010001100010000100001111111111110001001001010111010110
01001001010010110000110000010100110100110111011100011100010100101001111010110101110101110011101001111011010000011010101010100110
10100011110101001011011110110111100001001011100100101000111010000111111010110011101101000111110010001011001101111000111110111100
11110011000111110101011010101101111011010100101001010001100010011000111010000101100001011110000110101111111100001110110010110100
00111000101101101001001111001001101001001111000010110100111100010001011011011100000001001100010001101110110100100101010100100110
11100100111110011110111110111001001101010010001001000110101010000010000101010111000101110101100100000111101000001101111011110011
01011000111111101010011100110000000111101011010100011001011111111110010111001100001100111000000010100100011100100011100110001001
00000010011101111000110111100110111111100110101000000110111010101011001010110000101111101111001011000000011010111110111101101100
11110101101011001010010011011100101001110011001001111011000110011001101000100101111100010100001001101100000100000110110011001010
10011000001110100110001000110010001001000110011100110001001100010111101100000110000001010100001001110011101000010100100000010001
11100001111111001110110100101000110101000101000101101000101101000101010100010111010011110000110111001101110111001111111001101110
11011001101001110110010010000100011110111110110110101000111010111101110000111100100101000001011000000110001111000110100001111011
00111111000011110001010001010010010011001111111100011101100011010100001010101011101000011011110100110000000110010011011110111110
11000101110100111001001100101100011011101100000000001001111000010100011001101100100100100101010101111010000111110010010101000010
00001011110101010001111110001110101100001000010110011110000110001110110011111000111010000101001011101110111001101011111011100100
11011010100011001111000011111100111000111001100010000100110001010110011000110101110101100000100110001100110110011110010001011101
00100000110110010110101010110000100000101110000010101111101010011101011011010010001101111010110111010011001001101100100111100101
01001111110110111101110111010010110100111101000101100010001001111001100011100000110111010000110111101110100101010010010100101010
10111111011010100000101011110101000011011110000100000000010111000101100101101001011001001001001010011100101100100001001001100000
10001001000010110011010101101101001001011110010111101010001011001011011010110111101000011101101111001101000110101110101110011011
00100001001011000110011110100001110110110101001101100010111010000110100010111011001010001001111001101101110010011111000111111001
11011010110100110111011111110110110001011001010100101011000010110010001100111101010010001110011010111111000111101000110001100101
00101100001101011001000100111111011101100100110101100000110001101100101010111010101111110011110101101100011001011100100100011000
11000010111110011101101101111010110111011100101011000111110000111100011100011010011111110001101001011011110110101110100101011001
11010100001011111001010110111110001000101010011111010000101001010001111101000100100101101101011100111111110000110001001111010101
11100001100010101010100111010000100000001111011000101010000111010000000011001110000111101100001101111100101110000100110111001001
10010001100001100011010001001111111111011010011001110110010000011001101110110010110110100011100001101001011010011110110100100110
00011001110111000101001000000110100100010000111000110010100011011100001000101001011000110000110001111010001111011010000111010011
10010100100101101011110100000110000101011010000110100010001011100011011100111111011011010001100111100100110010111111010000100110
10100001010101011100011011000000100001100101011010111100111001001011100010100001110010001110110011111100011000111000100001010000
00100011011011111011011111011111101001001011110100111010111101101001000011011000111110110110010111100000101101001110110110011110
00101101110011111101100001111100000011100110100100011000011110110001100010101010011111000101101100000010011001101100110101111110
10111001000100110110101011011101000010011110000011111010111000101110000000011110001111001000011101000001100000101001001111111001
11010110111110111010100011001010010000001000000001111001001111011111011100110010001011101000110010001000000111000100001101111011
00110011011001000111101001011000010001110001001010101101000110000011110011101110111110010011001010001010111110111010010101011000
1|1|1|0|2|2|0|0|0|3|0|0|4|0|5|0|6|0|0|6|0|7|7|0|0|8|8|0|0|9|0|10|10|0|0|0|11|11|11|11|0|0|0|0|0|0|0|12|12|12|0|0|13|0|0|0|0|14|14|0|0|15|0|16|0|17|17|0|0|17|0|18|18|18|0|19|0|20|20|20|20|0|21|21|0|22|0|0|0|0|22|22|22|0|22|22|22|22|0|0|0|23|23|23|0|24|0|0|0|0|25|25|0|0|26|0|27|27|0|0|28|28|28|0|0|0|29|29
0|1|1|1|0|0|0|30|30|0|0|31|0|5|5|0|6|6|6|6|6|0|0|0|0|0|8|8|0|9|0|0|0|0|11|11|11|0|11|0|0|32|32|0|33|0|0|12|12|12|12|12|0|0|0|14|0|14|14|0|14|0|14|0|17|17|0|17|0|17|0|18|0|0|0|19|19|0|20|0|0|0|21|21|0|22|22|22|22|22|22|22|22|22|22|0|0|0|0|0|23|23|0|23|0|0|34|0|35|35|0|0|0|0|26|26|0|27|27|0|28|28|28|28|0|0|29|0
36|0|1|1|1|1|1|0|0|0|37|0|5|5|0|38|0|6|0|6|6|0|8|0|0|8|8|8|8|0|39|39|39|0|0|0|11|11|11|11|0|32|0|0|33|0|12|12|12|0|12|12|0|0|14|14|14|14|14|14|14|14|14|0|17|17|0|17|17|17|0|18|0|0|0|19|0|40|0|41|0|21|21|21|21|0|0|0|22|0|22|22|22|22|0|42|0|0|23|23|23|23|23|0|43|0|34|0|35|35|0|44|44|44|0|0|27|27|27|27|0|28|28|0|45|0|29|0
36|36|0|0|1|1|1|1|1|0|37|0|0|5|0|0|0|6|0|6|0|0|8|8|8|8|0|0|8|0|0|0|0|0|46|46|0|0|0|11|11|0|47|0|33|0|0|12|0|48|0|0|0|0|14|14|0|14|0|14|14|14|0|0|17|17|17|17|17|0|0|0|0|0|0|0|40|40|40|0|21|21|21|0|21|0|49|49|0|22|22|22|0|0|0|0|0|0|23|0|0|0|0|43|43|43|0|50|0|0|44|44|0|44|0|27|27|27|0|27|27|0|28|28|0|51|0|52
36|36|36|36|0|0|1|1|0|0|0|5|5|5|0|0|0|6|6|6|0|0|8|8|0|0|0|53|0|54|0|55|55|0|0|46|46|0|0|0|11|11|0|0|33|33|33|0|48|48|0|0|14|14|14|14|0|14|14|0|14|14|14|0|17|17|0|0|0|17|17|17|0|0|56|0|0|40|0|0|0|21|21|21|21|0|0|0|57|0|22|22|22|0|23|23|23|23|23|23|0|0|58|0|43|43|43|0|43|43|0|0|59|0|0|27|27|0|60|0|27|27|0|28|28|0|61|0
0|0|0|0|0|62|0|0|0|63|0|5|5|0|64|64|0|0|0|0|65|0|8|8|0|66|0|53|53|0|0|0|0|0|0|0|0|11|0|11|11|11|11|0|33|33|33|0|48|48|0|14|0|14|14|0|14|14|0|0|0|0|0|17|17|0|17|17|17|17|0|0|0|0|0|0|40|40|40|0|0|21|0|21|21|21|21|0|57|57|0|0|0|0|23|23|0|23|23|0|23|23|0|43|43|43|43|43|43|43|0|59|59|0|0|0|0|67|0|0|27|27|0|0|28|0|61|61
0|68|68|0|0|0|69|0|70|0|5|5|5|5|0|64|64|64|64|0|0|71|0|8|0|0|53|53|53|0|53|53|53|0|72|0|11|11|0|0|11|0|11|0|0|33|33|33|0|0|0|14|14|14|0|0|14|14|14|0|0|0|0|0|17|17|17|0|0|17|17|0|0|0|0|73|0|40|0|74|0|21|21|21|21|21|21|0|0|0|0|0|0|0|0|23|23|23|23|23|23|0|0|43|43|0|43|43|43|0|59|59|0|75|75|0|76|0|77|77|0|27|0|61|0|0|61|61
78|0|68|0|68|0|0|0|0|0|0|5|5|0|79|0|0|64|0|0|64|0|0|0|53|53|53|53|0|53|0|53|53|53|0|53|0|11|11|11|11|11|0|80|80|0|33|0|81|81|81|0|0|0|14|14|14|14|14|14|0|0|0|17|17|0|0|82|0|0|0|0|0|0|0|0|83|0|74|74|0|21|21|21|0|0|0|0|84|0|85|0|86|0|87|0|0|23|23|23|0|0|88|0|43|43|43|0|0|89|0|59|59|0|0|76|76|0|0|77|0|27|0|61|61|61|61|61
0|68|68|68|68|68|0|0|90|90|0|5|5|0|79|0|0|64|64|64|64|0|0|53|53|53|53|53|53|53|53|53|0|53|53|53|0|0|11|0|11|11|11|0|80|80|0|0|81|0|0|14|0|14|14|0|14|0|14|0|91|91|0|0|0|92|0|0|93|93|0|94|94|0|0|95|0|74|74|0|21|21|0|21|0|0|0|96|0|97|0|86|86|0|87|87|0|0|23|0|0|0|0|98|0|0|0|0|89|89|89|0|0|0|76|76|0|0|0|0|27|27|0|0|61|0|61|0
0|0|0|0|0|68|0|0|0|90|0|5|0|0|79|0|64|64|0|0|0|0|53|53|53|0|53|0|0|0|0|0|0|53|53|53|0|0|11|11|0|0|11|11|0|0|0|0|81|0|14|14|14|0|14|0|14|14|14|14|0|91|0|99|0|0|0|0|93|0|0|94|0|100|0|0|0|0|0|21|21|0|21|21|0|21|0|0|0|97|0|0|86|0|87|0|0|0|23|0|0|0|0|0|89|89|89|0|89|89|0|0|101|0|0|0|102|102|0|27|27|27|0|0|61|61|61|0
103|0|104|104|104|0|0|105|0|90|0|0|0|106|0|0|64|0|0|106|0|0|53|0|53|53|53|0|0|53|0|0|0|0|53|53|0|0|11|11|11|0|0|11|0|107|0|81|81|0|0|14|14|14|0|0|0|0|14|0|0|91|0|0|0|0|0|108|0|0|0|0|100|100|0|109|109|0|0|0|0|21|21|0|21|21|21|0|0|0|21|21|0|0|87|0|0|0|0|0|110|110|110|0|89|0|89|0|89|0|101|101|101|101|101|101|0|0|27|27|0|27|0|111|0|61|61|61
0|104|104|104|0|0|0|0|0|90|0|0|106|106|0|106|0|112|0|106|106|0|53|0|0|0|53|0|53|53|53|53|0|0|53|0|0|113|0|0|0|114|114|0|0|0|81|81|0|0|14|14|14|0|14|14|0|14|14|14|0|0|14|0|0|14|0|0|14|14|14|0|100|100|100|0|0|115|0|116|0|0|21|21|21|0|0|0|0|21|21|21|21|0|87|0|0|110|110|0|110|0|110|0|89|0|89|89|89|0|101|101|0|0|101|101|0|27|0|0|0|27|0|0|61|0|61|0
0|104|0|104|0|104|0|0|0|0|0|0|0|106|106|106|106|0|0|106|106|0|0|53|53|53|53|53|0|53|53|53|0|53|0|0|117|0|114|114|0|114|114|0|118|0|0|0|0|0|0|14|14|14|14|14|0|0|14|14|14|0|14|14|0|14|14|0|14|14|14|0|0|0|100|0|115|115|115|0|0|115|0|0|21|21|21|21|21|21|21|0|21|0|87|0|110|0|110|0|110|110|110|110|0|0|0|0|0|0|0|101|101|0|101|0|27|27|27|27|27|27|0|61|61|61|61|0
0|104|0|104|0|104|0|119|119|0|104|104|0|106|106|0|106|106|106|106|0|0|0|53|53|53|0|53|53|53|53|53|53|53|0|120|0|0|0|114|0|114|0|0|0|0|14|14|14|14|14|14|0|0|14|14|14|14|14|0|14|14|14|14|14|14|14|14|14|14|0|0|14|0|0|0|0|115|115|115|115|115|0|21|21|0|21|21|21|21|21|0|0|21|0|110|110|0|110|110|110|110|110|110|110|110|110|0|110|0|0|101|0|0|0|27|27|27|27|27|0|27|0|0|61|61|61|61
104|0|104|104|104|104|0|119|119|119|0|104|0|0|106|0|106|0|106|106|0|0|0|53|53|53|0|53|0|53|53|0|0|53|53|0|121|0|114|114|114|114|0|0|0|0|14|0|0|14|0|14|0|14|14|0|0|0|14|0|0|14|14|14|0|14|0|0|14|0|14|0|14|14|0|0|115|115|0|0|0|115|115|0|21|0|21|0|21|21|21|0|0|21|21|0|110|110|110|110|0|110|110|0|0|0|110|0|110|110|0|0|0|110|0|0|27|0|0|0|0|27|0|0|61|0|0|0
104|104|104|0|104|104|0|119|0|0|0|104|0|104|0|106|106|0|0|0|53|53|53|53|0|0|0|53|53|0|53|0|0|53|0|122|0|122|0|0|0|114|0|14|14|14|14|0|14|14|14|14|14|0|14|14|0|14|14|0|0|14|14|0|0|0|0|0|14|14|14|14|14|14|14|0|0|0|0|0|0|115|0|0|0|0|21|21|21|21|21|21|21|21|0|0|110|0|110|110|0|110|0|0|110|110|0|110|110|110|0|0|110|110|110|0|27|27|0|123|0|0|124|0|61|61|61|61
0|104|104|104|0|104|0|119|0|0|0|104|104|104|0|0|0|0|0|0|53|0|0|53|53|53|53|0|53|0|0|0|53|53|0|122|122|122|0|125|0|114|0|0|14|0|0|0|0|0|14|0|0|0|14|0|14|14|0|126|126|0|14|14|14|14|0|0|14|14|14|0|14|14|0|127|127|0|0|115|0|115|0|0|0|0|21|21|21|0|21|21|0|0|0|110|110|110|0|0|110|110|0|110|110|110|0|0|0|110|110|0|0|110|0|27|27|0|0|123|0|128|0|129|0|0|61|61
0|104|104|0|104|0|130|0|104|0|131|0|104|104|104|0|132|132|132|0|53|53|0|53|0|0|0|0|0|0|133|133|0|53|53|0|0|0|0|0|0|0|14|14|14|0|0|134|0|14|14|14|0|14|14|0|14|0|0|126|126|0|14|14|14|14|0|0|0|0|0|135|0|14|14|0|127|0|115|115|115|115|0|0|0|0|0|21|0|21|21|0|136|0|137|0|110|0|0|0|110|0|0|110|0|110|110|0|0|110|110|110|110|110|0|0|0|0|0|0|138|0|129|129|0|0|0|61
0|0|104|0|104|0|0|104|104|0|0|104|104|104|0|132|132|0|132|0|0|0|139|0|0|140|140|140|140|0|133|0|0|53|53|0|53|53|53|0|141|0|0|14|14|14|0|0|14|14|0|14|14|14|14|0|0|142|0|0|126|0|0|14|0|0|143|143|0|0|0|0|0|0|0|0|127|127|0|115|115|115|0|144|144|0|0|0|21|21|21|0|136|0|137|0|110|0|0|110|0|0|0|0|0|110|110|0|145|0|110|110|110|110|110|0|146|146|0|0|0|0|0|129|0|0|0|61
104|104|104|104|104|0|0|104|0|104|104|104|104|104|0|132|132|0|132|132|0|0|139|0|140|140|0|140|140|0|0|53|53|53|0|53|53|0|0|0|0|14|14|14|0|14|14|0|0|0|0|14|0|0|14|0|0|0|147|0|0|148|0|14|0|149|0|143|0|150|0|0|151|0|0|152|0|127|127|0|0|0|153|0|144|0|154|154|0|21|0|155|0|156|0|110|110|110|110|110|110|110|110|110|110|110|110|0|0|110|0|0|110|0|0|157|0|146|0|0|0|158|0|0|0|159|0|61
104|104|0|0|104|0|104|104|104|104|104|0|104|104|104|0|132|0|132|0|160|160|0|140|140|0|0|0|140|0|0|0|53|53|53|53|0|0|0|161|0|0|0|0|0|0|14|14|0|162|0|14|14|14|14|14|14|14|0|163|0|0|164|0|149|149|0|0|0|150|0|165|0|165|165|0|127|127|0|166|0|0|153|0|0|0|154|0|167|0|0|0|110|0|0|110|0|110|0|0|110|110|0|0|110|110|0|0|110|110|110|110|110|0|0|0|146|146|146|146|0|158|158|158|0|0|0|0
104|104|104|104|0|104|104|0|104|104|0|104|0|104|104|104|0|168|0|0|0|160|160|0|140|140|0|140|140|140|0|0|53|0|0|0|169|0|161|161|161|0|0|0|14|14|14|14|14|0|170|0|14|14|0|14|0|14|0|0|171|0|0|149|149|0|150|150|150|150|0|165|165|165|165|0|0|127|127|0|172|0|0|0|173|0|154|0|167|0|0|0|110|0|110|110|110|0|0|0|110|110|0|110|110|110|110|110|110|110|110|0|0|174|174|0|0|0|0|146|0|0|0|158|0|0|175|175
104|104|0|104|104|0|104|0|0|104|104|104|104|104|0|104|104|0|176|176|176|0|0|0|0|0|0|0|140|140|140|140|0|0|0|0|0|161|161|0|161|0|0|177|0|0|0|14|0|0|0|0|14|0|14|14|0|14|14|0|171|0|178|0|0|179|0|150|0|0|165|165|165|165|165|0|0|0|0|0|172|172|172|0|0|180|0|0|0|0|0|0|110|110|110|110|110|110|0|110|110|0|110|0|110|0|110|110|110|0|110|0|181|0|0|182|182|0|0|0|0|175|0|0|0|175|175|0
104|0|183|0|104|104|104|0|0|0|0|104|0|104|0|0|104|0|176|176|176|176|176|0|0|184|184|184|0|0|140|140|0|161|161|0|0|161|161|0|0|0|185|0|0|186|186|0|0|0|0|0|14|0|0|14|14|14|14|14|0|178|178|178|0|179|0|150|0|0|165|165|0|165|165|0|0|0|172|172|172|0|0|0|0|0|187|0|0|0|188|0|110|0|0|0|0|0|0|110|0|110|110|0|110|110|0|110|110|0|0|0|181|181|181|0|0|0|0|0|0|175|175|175|175|175|0|189
0|183|183|0|104|104|0|0|190|0|104|104|0|104|0|0|104|104|0|176|176|176|0|184|184|184|0|184|184|0|0|140|140|0|161|161|0|0|161|0|0|185|185|0|186|186|0|191|0|0|0|0|0|0|0|0|0|0|14|0|0|178|0|0|0|179|179|0|165|165|0|165|165|165|165|165|0|0|0|0|172|0|172|0|0|0|0|192|0|193|0|110|0|0|110|0|0|0|0|110|110|110|0|0|0|110|0|110|0|194|0|195|0|181|0|196|0|0|0|0|0|175|0|175|0|0|0|0
183|183|183|183|0|104|0|197|0|198|0|104|104|0|0|104|104|0|0|0|0|0|184|184|184|184|0|184|184|0|0|0|140|0|0|161|161|161|161|0|161|0|0|186|186|0|199|0|199|0|0|0|0|0|14|0|14|14|14|0|178|178|0|0|179|179|179|179|0|165|165|165|0|0|165|0|0|200|200|0|172|172|172|172|0|201|0|0|0|0|0|110|110|110|110|110|110|110|110|110|110|110|0|0|110|110|110|0|0|194|0|0|110|0|0|0|202|0|110|0|0|0|175|175|0|203|0|204
0|183|0|183|183|0|197|197|197|0|0|104|104|0|0|0|0|0|0|104|104|104|0|0|184|184|0|0|184|0|0|161|0|161|161|161|161|161|161|161|161|0|0|186|0|0|199|199|199|199|199|199|199|0|14|14|14|14|0|0|178|0|205|0|179|179|179|0|0|165|0|0|206|206|0|207|207|0|200|0|0|172|172|172|0|0|208|208|0|208|208|0|0|110|0|0|0|0|110|110|110|0|209|0|0|110|0|0|110|0|110|110|110|110|0|110|0|0|110|110|0|210|0|0|0|0|0|0
0|0|183|183|0|211|0|0|0|212|0|104|104|0|0|104|104|104|104|0|104|104|104|0|184|0|0|213|0|213|0|161|161|161|161|161|0|0|161|0|0|214|0|0|215|0|0|199|0|199|0|0|0|0|0|14|14|0|0|216|0|217|0|218|0|0|179|0|0|165|0|0|206|206|0|0|0|200|200|200|200|0|0|0|0|0|208|208|208|0|208|0|0|0|0|110|110|110|110|110|0|0|209|0|0|110|110|110|110|110|110|0|110|110|0|110|110|110|110|0|210|210|210|0|219|0|220|0
183|183|183|183|183|0|221|0|212|212|212|0|104|104|0|104|104|104|0|104|0|104|0|222|0|213|213|213|213|213|213|0|0|161|161|161|161|161|161|161|0|0|215|215|215|0|199|0|199|199|199|199|0|0|14|14|14|0|216|216|216|0|0|0|223|0|0|224|0|165|165|165|0|206|0|206|0|0|200|0|200|200|0|0|225|0|208|208|208|208|208|0|208|0|0|110|110|0|110|110|110|110|0|110|110|110|110|0|110|110|110|110|0|110|110|110|0|110|110|0|0|210|210|210|0|0|0|210
183|183|183|0|183|0|0|212|212|212|0|104|104|0|0|0|104|104|104|104|104|104|0|222|0|0|0|0|0|0|0|0|161|161|0|0|161|0|0|0|215|215|215|215|0|199|199|199|199|199|0|0|0|226|0|14|14|14|0|0|216|216|216|216|0|227|227|0|0|165|0|0|206|206|0|206|206|0|200|0|200|0|228|228|0|0|0|208|208|208|208|208|208|0|110|110|110|110|110|0|0|110|110|110|0|110|0|229|0|110|0|0|0|110|110|0|0|0|0|210|210|210|0|210|210|210|210|210
183|0|183|0|0|0|0|0|212|212|212|0|104|104|104|104|104|104|0|104|104|0|0|222|0|0|0|0|230|230|230|0|0|161|161|0|161|0|0|231|0|0|215|215|215|0|199|199|0|199|0|0|226|226|0|14|14|0|0|216|216|0|0|0|227|227|227|227|227|0|0|0|0|206|206|206|0|232|0|0|200|200|0|0|0|0|0|208|0|208|208|208|208|208|0|110|0|110|110|0|0|0|110|110|110|110|0|0|110|110|110|110|0|110|110|0|233|233|0|210|210|210|210|0|210|210|210|0
183|0|183|183|0|234|0|235|0|0|0|0|104|0|104|104|104|0|0|0|104|0|0|0|236|236|236|0|230|0|0|237|237|0|0|0|161|0|0|231|231|231|0|0|0|199|199|199|199|0|238|0|226|226|0|0|0|0|0|216|216|216|216|0|0|227|0|0|0|0|239|0|0|0|206|0|240|0|241|241|0|0|242|242|0|0|0|208|208|208|208|0|208|0|0|0|110|110|110|0|0|0|0|110|0|110|110|110|0|110|110|0|110|0|110|110|0|233|0|210|210|0|210|210|0|0|0|243
183|183|183|0|234|234|234|0|0|244|0|0|0|104|104|0|104|104|0|245|0|0|0|0|236|236|236|236|0|0|0|237|237|237|0|237|0|0|0|0|0|0|246|0|0|199|199|0|0|247|0|226|226|0|0|0|248|0|0|0|0|0|0|249|249|0|250|0|251|0|0|206|206|206|206|0|240|0|0|241|0|0|242|242|0|252|0|208|0|0|0|208|208|0|110|110|110|0|110|0|253|253|0|0|110|110|110|0|0|110|110|110|110|110|0|110|0|233|0|0|0|254|0|210|0|243|243|243
0|0|0|0|234|234|234|0|255|0|0|0|0|104|104|104|104|0|245|245|0|236|236|236|236|236|236|0|0|0|256|0|0|237|237|237|237|237|0|257|257|257|0|199|199|199|0|0|0|0|258|0|226|226|0|0|248|0|0|259|259|259|0|0|0|260|0|0|0|261|0|0|0|0|0|262|0|0|0|241|0|242|242|242|0|0|0|208|208|208|208|0|208|0|110|110|0|110|110|0|253|0|0|110|110|0|110|110|0|0|110|110|110|0|0|110|0|0|263|0|0|254|0|0|264|0|243|0
265|0|0|234|234|0|0|0|255|255|0|255|0|104|104|0|104|0|0|0|0|0|0|236|0|0|0|0|266|0|0|0|237|0|0|237|237|0|0|0|0|257|0|0|199|199|0|258|0|258|258|0|226|226|0|267|0|0|0|259|259|0|0|260|260|260|260|0|0|261|0|261|0|268|0|262|262|262|0|241|241|0|242|0|0|208|208|208|0|0|208|0|0|0|0|0|269|0|110|110|0|110|110|110|110|110|0|110|110|110|110|110|0|0|0|110|0|263|263|263|0|0|243|0|0|243|243|0
0|0|0|234|0|255|255|255|255|255|255|255|0|0|0|0|104|0|270|0|271|0|0|0|272|272|0|0|0|0|0|237|237|237|237|237|237|237|0|273|273|0|0|0|199|0|258|258|258|258|258|0|226|226|226|0|259|259|259|259|259|259|259|0|260|260|0|0|261|261|261|261|0|0|0|262|262|0|0|0|0|0|0|0|0|208|0|208|208|0|0|274|0|275|0|0|0|110|110|0|110|110|0|0|110|0|110|110|110|0|110|110|0|276|0|0|0|263|0|0|0|0|243|243|243|243|0|277
0|0|0|0|0|0|255|255|0|0|255|0|0|0|0|0|0|278|0|0|271|0|0|0|272|0|0|0|0|0|0|237|0|0|0|237|237|0|0|0|0|0|0|0|0|0|0|258|258|258|258|258|0|226|0|226|0|0|259|0|259|259|0|260|260|260|0|0|0|0|0|261|261|0|262|262|0|0|0|279|0|280|280|280|280|0|208|208|208|0|274|274|0|0|0|110|110|110|110|110|110|110|110|0|0|0|110|0|110|110|0|0|0|0|281|0|263|263|263|263|0|243|243|0|243|243|0|0
0|282|0|0|255|255|255|255|0|255|255|0|283|283|283|0|278|278|278|0|0|0|284|0|0|0|285|285|0|0|286|0|0|0|0|237|0|0|0|0|0|0|0|287|0|0|258|258|0|0|0|0|226|226|226|226|0|259|259|0|259|259|0|260|0|260|0|0|260|0|0|0|0|0|262|0|260|260|0|0|280|280|280|280|0|0|208|0|0|0|0|0|288|0|0|0|0|0|110|0|110|110|110|110|110|110|110|0|110|0|0|0|281|281|281|0|0|0|0|0|0|0|243|0|243|0|0|243
289|0|0|0|0|255|0|255|255|255|0|0|283|283|0|0|278|0|278|278|278|0|0|285|285|285|285|0|0|290|0|290|290|290|0|237|237|0|0|291|291|291|0|287|0|0|258|0|292|292|0|0|226|0|226|0|226|0|0|0|259|0|0|260|0|260|260|260|260|260|0|0|0|293|0|0|260|260|0|280|280|280|0|280|0|0|208|0|294|294|294|294|0|294|0|0|294|0|0|295|0|0|0|110|0|110|0|0|110|110|110|0|0|281|281|0|296|0|297|0|243|243|243|243|243|243|243|243
289|0|0|0|255|255|255|0|0|255|0|0|0|0|0|278|278|278|278|0|0|278|278|0|0|285|0|298|0|290|290|290|0|0|299|0|0|0|0|0|291|0|0|0|258|258|258|258|0|0|0|0|0|0|226|226|226|226|0|0|0|0|0|0|260|260|0|260|0|260|0|260|260|0|260|260|0|260|260|0|0|280|280|280|280|0|0|294|294|0|294|294|294|294|0|294|294|0|0|0|110|110|0|0|110|110|0|300|0|0|0|0|301|0|0|296|296|296|0|296|0|243|243|243|0|243|0|0
0|255|255|255|255|255|255|255|0|0|302|0|303|303|0|0|0|278|0|278|278|278|0|304|0|0|0|298|0|0|0|0|305|305|0|306|0|307|307|307|0|308|0|258|258|0|0|0|0|226|226|226|226|226|226|0|0|0|309|0|309|0|310|310|0|0|0|0|260|260|260|0|260|260|260|260|260|260|260|260|0|280|280|280|280|0|0|0|294|294|0|0|294|0|294|294|0|0|0|110|110|110|110|110|110|0|300|300|300|0|0|301|301|0|296|296|0|0|0|296|296|0|0|243|0|0|0|296
311|0|0|255|255|0|0|0|312|312|0|0|0|0|313|0|278|278|278|278|0|0|278|0|0|0|314|0|307|307|0|315|0|0|316|0|0|0|307|0|308|308|308|0|0|0|0|0|317|0|226|0|0|0|0|318|0|309|309|309|309|0|0|310|0|0|0|260|0|260|260|0|0|260|0|0|260|260|0|0|0|280|0|0|0|319|0|294|294|294|0|0|294|294|294|294|0|294|294|0|0|110|110|110|110|0|0|300|0|0|0|301|0|296|296|296|0|0|296|0|296|296|0|0|296|0|296|296
0|0|320|0|0|0|0|312|312|0|0|321|0|278|0|0|0|278|0|278|278|278|278|0|0|314|314|0|0|307|307|0|307|0|0|0|307|307|307|0|308|308|308|308|308|308|308|0|317|0|226|0|0|0|0|318|318|0|0|309|309|309|0|0|0|260|260|260|260|260|260|260|260|260|260|0|260|0|0|322|0|0|0|0|0|319|0|294|0|294|0|294|294|294|0|294|294|294|294|0|0|110|0|0|0|323|323|0|324|0|325|0|0|296|296|296|296|0|296|0|296|296|296|296|296|0|296|0
0|326|0|327|0|312|312|312|0|278|278|0|0|278|278|278|278|278|0|278|278|0|278|0|314|314|0|0|328|0|307|0|307|307|307|307|307|0|0|0|308|0|0|308|0|308|308|0|317|0|226|0|0|0|329|0|0|0|0|309|309|0|0|330|0|260|0|260|0|260|0|0|260|260|260|0|0|0|0|322|322|322|322|0|0|319|0|0|0|0|294|294|0|0|331|0|294|294|0|0|0|0|0|0|323|323|323|0|0|0|325|0|332|0|296|0|296|296|296|0|0|0|0|296|296|0|296|0
333|0|0|327|0|0|0|0|278|278|278|278|278|278|0|0|278|278|278|0|0|0|278|278|0|314|0|334|0|307|307|307|0|307|0|307|307|0|335|0|308|308|308|308|308|308|0|0|0|336|0|0|0|0|0|337|337|337|0|309|309|0|338|0|260|260|0|0|0|260|0|260|260|260|0|339|0|0|322|322|322|0|322|322|0|319|0|0|340|0|0|0|0|340|0|340|0|0|341|341|341|0|340|340|0|0|323|323|323|323|0|342|0|343|0|296|296|0|296|296|296|0|0|296|296|296|296|296
0|0|0|0|344|0|0|278|278|0|278|278|0|0|345|0|0|278|278|278|278|0|0|0|346|0|0|334|0|307|307|307|307|307|307|0|307|0|335|0|0|308|308|308|308|0|336|336|0|336|0|0|0|0|0|0|337|337|0|309|309|0|338|338|0|260|260|0|260|260|260|0|0|0|347|0|348|0|0|322|0|322|322|322|0|319|319|0|340|340|340|340|340|340|340|340|0|0|0|0|0|0|340|0|0|0|323|0|0|323|0|0|0|0|349|0|0|0|0|296|296|0|0|296|0|296|296|296
350|350|0|344|344|344|0|278|278|278|278|278|0|0|345|345|0|0|278|0|0|351|0|346|346|0|0|0|0|307|0|307|307|307|0|0|307|0|335|335|335|0|0|0|0|336|336|336|336|336|0|0|0|352|352|352|0|0|0|0|0|0|338|338|0|260|0|353|0|0|0|0|354|0|0|0|0|0|322|0|322|322|322|322|0|319|0|355|0|0|0|340|340|340|340|0|340|0|0|0|0|340|340|340|0|0|0|0|356|0|357|0|296|296|0|0|0|296|296|296|0|296|296|296|0|296|0|296
0|0|344|344|0|344|0|278|278|278|0|278|278|0|345|0|0|0|278|0|351|351|351|0|346|0|358|0|0|307|307|0|307|0|0|0|0|359|0|0|0|0|0|0|0|0|336|0|336|0|0|0|0|0|0|352|0|0|0|360|0|361|0|338|0|0|0|353|0|353|0|322|0|322|0|322|322|322|322|322|322|0|0|0|0|319|0|0|340|0|340|340|0|0|340|0|340|0|362|0|340|340|0|0|0|363|0|0|356|356|0|296|296|0|0|296|296|296|0|296|0|296|296|296|0|296|0|296
364|0|0|344|0|344|0|0|278|278|278|278|0|0|345|0|278|278|278|0|0|351|0|0|0|0|358|0|365|0|307|307|307|0|359|359|359|359|359|0|0|336|336|336|336|336|336|0|0|0|352|352|0|0|352|352|0|366|0|0|0|0|0|338|338|0|353|353|353|353|0|322|322|322|322|322|0|0|322|322|322|0|367|0|319|319|0|0|340|340|340|340|0|340|340|340|340|0|0|340|340|340|340|0|340|0|0|0|0|356|0|0|296|296|296|296|0|296|296|296|296|296|296|0|0|0|296|296
0|0|344|344|0|0|0|368|0|0|0|0|369|0|345|0|278|278|278|0|351|351|0|0|0|370|0|0|365|365|0|0|307|0|0|0|0|359|0|336|0|336|336|336|0|336|336|336|0|371|0|352|352|352|352|0|0|0|372|372|0|373|0|338|0|0|0|353|353|0|353|0|0|322|0|322|322|322|322|322|0|374|0|319|319|319|0|0|340|0|340|340|0|340|0|0|0|340|340|340|0|340|340|340|340|0|356|356|0|356|0|0|296|296|296|0|0|0|296|0|296|0|0|0|296|296|296|0
0|375|0|0|368|368|0|368|0|0|368|0|0|0|0|376|0|278|278|0|0|351|0|0|0|0|0|0|0|365|0|0|307|0|0|359|359|359|0|336|336|336|336|0|377|0|336|0|0|0|352|352|0|352|352|352|352|352|0|372|372|0|0|0|0|0|0|353|353|353|353|0|378|0|0|322|0|0|0|322|322|0|0|0|319|0|379|0|340|340|340|0|340|340|340|340|0|0|0|340|0|0|0|340|340|0|0|356|356|356|0|296|296|296|0|380|0|0|0|0|0|0|381|0|0|0|296|0
0|0|382|382|0|368|368|368|368|368|368|0|368|0|0|376|376|0|0|383|0|0|384|0|0|385|385|385|0|365|0|0|0|0|386|0|0|359|0|0|336|336|336|336|0|0|0|0|352|352|352|0|387|0|352|352|352|352|0|0|0|388|0|389|389|389|0|0|0|0|0|390|0|0|391|0|0|392|0|0|0|0|0|319|319|319|0|340|340|0|340|340|340|0|0|340|340|340|0|340|0|0|393|0|340|0|394|0|356|0|0|296|296|0|395|0|396|396|0|397|0|397|0|397|0|397|0|398
399|0|0|382|0|0|0|368|368|368|368|368|368|368|0|0|376|0|0|0|0|384|384|384|0|0|385|0|0|0|0|0|386|386|386|386|0|359|0|0|0|336|336|0|352|352|352|352|352|0|0|0|0|0|0|0|0|0|400|400|400|0|401|0|0|389|0|0|0|402|0|0|0|391|391|0|403|0|402|0|0|404|0|0|319|0|0|340|340|0|340|0|0|0|340|340|0|340|340|340|0|340|0|0|340|340|0|0|356|356|0|0|0|395|395|0|0|0|0|397|397|397|397|397|0|397|397|0
0|0|0|382|382|382|0|368|368|0|0|368|0|368|0|405|0|0|0|406|0|0|384|0|0|0|385|0|0|0|0|407|0|386|386|386|0|0|0|408|408|0|0|409|0|352|0|0|352|0|0|0|410|0|0|411|411|0|0|400|0|400|0|400|0|0|412|0|0|402|402|402|0|391|0|413|0|0|402|0|0|0|414|0|319|319|0|0|340|340|340|0|0|340|340|340|340|340|340|340|340|340|340|340|340|340|0|0|356|0|0|0|415|0|0|416|0|417|0|0|0|397|0|397|397|397|397|397
382|382|382|382|382|0|0|0|368|368|0|0|418|0|419|0|0|0|0|406|0|384|384|384|0|386|0|386|386|0|420|0|386|386|0|386|386|0|421|0|408|408|0|0|0|0|422|422|0|0|423|0|0|0|411|411|411|0|400|400|400|400|400|400|0|0|412|0|402|402|0|402|402|0|0|0|0|402|402|0|424|0|414|0|0|319|319|319|0|0|340|340|340|340|340|340|0|0|0|0|340|340|0|0|340|0|0|425|0|426|0|427|0|427|427|0|428|0|0|429|0|0|397|397|397|0|0|397
382|382|0|382|0|0|0|0|368|0|430|0|0|0|0|0|0|0|0|0|431|0|384|0|0|386|386|386|0|0|0|0|386|0|0|386|386|386|0|0|408|408|0|0|0|0|422|422|422|0|0|0|0|411|411|0|0|432|0|400|0|0|0|400|0|412|412|0|0|402|0|402|0|402|0|402|0|402|0|424|424|424|0|424|0|0|0|319|319|319|0|0|340|0|340|340|0|340|340|0|0|340|340|340|340|340|340|0|426|426|0|427|427|427|427|0|0|433|433|0|434|434|0|0|0|435|0|0
0|382|382|0|436|0|368|368|368|0|430|430|0|437|437|437|437|437|437|0|0|0|0|0|0|0|0|386|386|386|0|386|386|0|386|386|0|0|0|408|408|0|0|0|0|438|0|0|0|0|439|0|0|0|0|440|0|0|441|0|442|442|0|0|443|0|0|444|0|0|0|402|402|402|402|402|402|402|0|0|0|424|424|424|0|0|445|0|319|0|0|0|0|340|0|340|340|340|340|0|0|0|340|0|0|340|0|446|0|0|340|0|0|427|427|0|0|433|433|0|0|434|0|435|0|435|0|447
382|382|0|368|0|368|368|368|0|0|430|0|0|437|437|437|0|0|0|0|0|0|0|0|0|0|0|0|0|386|386|386|386|0|0|0|0|448|0|408|0|0|0|449|0|0|450|0|0|439|439|0|451|0|0|0|0|0|441|0|442|442|0|0|0|0|442|0|442|442|0|0|0|0|0|402|0|402|0|0|0|424|0|424|424|0|445|445|0|452|0|0|340|340|0|0|0|340|0|0|0|0|340|0|0|340|340|0|340|340|340|340|0|427|427|427|427|0|0|0|0|434|0|435|435|435|435|0
0|0|0|368|368|368|0|368|0|0|430|0|0|0|0|0|453|453|0|454|0|454|454|454|454|454|0|455|455|0|0|0|386|386|0|456|0|0|408|408|408|408|408|0|0|0|0|439|439|439|0|0|0|0|442|442|442|442|0|0|442|442|442|442|442|442|442|0|0|442|442|0|402|402|402|402|0|0|457|0|424|424|0|0|424|0|445|445|445|0|458|458|0|340|340|0|0|340|0|340|340|340|340|0|0|0|340|340|340|0|0|340|0|0|0|427|427|427|0|459|0|0|0|435|435|435|435|435
0|368|368|368|368|0|0|0|0|0|430|0|460|0|461|0|0|0|454|454|454|0|454|454|454|0|0|0|455|455|0|0|386|0|456|456|0|0|0|408|0|408|0|0|0|0|0|439|0|0|0|442|0|0|0|0|442|442|442|442|442|442|0|442|442|0|442|442|442|442|442|0|0|402|0|0|457|457|457|0|0|424|0|445|0|445|445|445|445|0|458|458|0|340|340|340|340|340|340|340|0|340|0|0|0|0|340|340|340|340|340|0|0|0|427|427|427|0|0|459|0|0|0|435|435|0|435|435
0|0|368|0|368|368|0|460|0|0|0|460|460|460|0|0|460|460|0|454|454|0|454|0|0|455|455|455|455|0|0|386|386|0|456|0|456|456|0|408|408|0|462|462|0|463|0|0|0|0|0|442|442|442|442|442|442|442|442|0|0|442|442|442|0|0|0|0|0|442|442|0|464|0|465|465|0|457|0|466|0|0|0|445|445|445|445|0|0|0|0|0|340|340|0|0|340|340|340|0|467|0|0|0|0|340|340|340|340|0|340|0|0|0|0|0|0|0|468|0|0|469|0|0|0|0|435|0
0|470|0|0|368|368|0|460|460|460|460|460|460|0|0|0|460|460|460|0|454|454|454|0|471|0|0|0|455|0|0|386|386|0|456|456|456|0|0|408|0|472|0|0|0|0|473|473|473|473|0|442|442|442|442|442|442|442|0|0|442|0|442|0|474|474|474|474|0|0|442|0|0|465|465|465|465|0|475|0|475|475|475|0|0|445|0|0|476|0|0|340|340|340|0|0|0|0|340|0|0|340|340|0|340|0|340|0|0|340|340|0|0|0|477|477|0|478|0|479|0|469|469|469|469|0|0|0
480|0|0|481|0|368|368|0|460|460|460|0|460|460|460|460|460|460|460|0|0|454|0|471|471|0|482|482|0|0|0|0|0|483|0|0|456|0|0|408|408|0|484|0|0|0|473|0|0|0|0|442|0|442|442|442|0|442|0|0|442|442|442|442|0|474|474|0|485|0|442|442|0|465|465|465|465|0|475|475|475|0|475|475|0|0|476|476|476|0|0|340|340|0|340|340|340|340|340|0|0|340|340|340|340|0|340|0|0|340|0|486|0|487|0|0|478|478|0|0|488|0|469|0|469|0|0|489
0|490|0|0|460|0|0|0|460|460|460|0|0|0|0|0|460|460|460|0|0|454|0|0|471|471|0|482|482|482|0|491|491|0|456|456|456|0|0|0|408|0|484|484|484|0|0|0|0|492|0|0|493|0|442|0|0|442|442|442|442|442|442|0|0|0|0|485|485|0|0|0|0|465|465|465|465|0|0|0|0|475|475|475|475|0|0|0|0|0|340|340|0|494|0|340|340|0|340|340|340|340|340|0|340|340|340|340|0|340|0|486|0|0|0|478|478|478|478|0|488|488|0|469|469|469|0|489
495|0|460|460|460|460|0|0|0|460|0|0|0|0|460|460|460|0|0|460|0|0|471|471|471|471|471|0|0|0|0|491|0|0|456|0|0|408|0|408|408|0|0|484|0|0|0|0|0|492|0|496|0|442|442|442|0|0|0|0|442|0|0|442|0|0|0|0|485|485|485|0|497|0|465|0|0|485|485|485|0|475|0|0|475|0|0|0|0|340|340|340|0|0|498|0|340|0|340|0|340|340|340|0|0|340|0|340|0|0|0|0|499|499|0|0|0|0|0|0|488|488|0|0|469|0|489|489
495|0|0|460|460|460|460|460|0|460|460|0|460|460|460|0|0|0|0|460|460|0|0|471|0|0|0|500|0|0|501|0|0|456|456|0|408|408|408|408|0|0|484|484|484|484|0|492|492|492|0|496|496|0|0|442|0|0|0|442|442|442|442|442|0|0|0|485|485|485|485|0|497|497|0|502|0|0|485|485|0|475|0|0|0|0|0|503|0|0|0|0|504|504|0|505|0|506|0|0|0|0|0|0|0|0|0|0|507|507|0|0|499|0|0|0|0|508|508|0|0|0|509|0|0|510|0|489
0|511|0|0|0|460|0|460|0|0|0|460|460|460|460|0|512|0|460|460|0|0|0|0|0|513|0|0|0|514|0|0|456|456|0|515|0|408|0|0|516|516|0|484|0|484|0|492|0|0|496|496|0|0|0|0|517|0|442|442|0|442|0|0|442|0|442|0|485|485|0|485|0|0|0|0|485|485|485|485|0|475|475|0|518|518|518|0|0|0|0|0|504|504|504|0|506|506|0|0|519|0|520|520|0|0|521|521|0|507|507|507|0|0|0|0|522|0|0|0|0|0|0|510|510|510|0|0
0|511|0|0|460|460|0|460|460|460|460|460|0|0|460|460|0|460|460|0|523|0|0|524|0|0|0|0|0|514|0|525|0|0|0|515|0|0|0|0|0|516|516|0|0|484|0|0|0|496|496|0|0|526|526|0|0|527|0|0|442|442|0|442|442|442|442|0|0|485|485|485|485|0|528|0|0|0|485|485|0|475|0|0|518|518|518|0|0|0|529|0|0|0|504|0|0|506|0|0|0|520|520|0|0|520|0|0|0|0|507|507|0|0|522|522|522|522|0|510|510|0|0|510|510|510|0|530
0|511|0|460|460|460|0|460|0|0|460|460|460|460|0|460|0|0|460|0|0|0|531|0|0|0|532|0|533|0|533|0|534|534|0|0|535|535|535|535|535|0|0|0|0|484|484|0|536|0|0|526|526|526|0|0|0|527|527|527|0|442|442|442|0|0|0|0|0|0|485|0|485|0|0|0|0|485|485|485|485|0|518|518|0|518|0|537|537|0|529|529|529|0|0|538|538|0|0|520|520|520|520|520|520|520|520|0|507|0|0|507|507|507|0|0|522|0|0|510|510|510|510|510|510|510|0|0
0|0|539|0|460|460|0|0|0|540|0|460|0|460|0|460|460|460|460|0|0|0|531|531|531|531|0|533|533|0|533|0|534|534|534|534|0|0|0|0|535|0|0|0|0|0|0|0|0|0|541|0|526|526|0|542|0|0|0|0|0|442|0|0|543|0|0|0|485|485|485|0|485|485|485|485|485|485|485|485|485|485|0|518|518|518|518|0|0|0|0|0|0|0|544|0|538|538|0|0|0|520|0|0|520|520|520|0|507|507|507|507|0|0|545|0|0|545|0|0|510|0|510|510|510|0|510|510
0|546|0|547|0|460|0|0|0|540|540|0|0|460|460|0|0|0|460|0|531|531|531|531|531|0|0|533|533|533|533|0|0|534|534|534|534|0|0|0|535|535|0|0|0|0|548|548|548|0|541|0|0|0|0|542|0|0|0|0|442|442|442|0|0|485|485|485|485|485|0|485|0|485|485|485|485|0|0|485|0|0|518|518|0|518|518|0|0|544|544|544|0|544|544|544|0|538|0|544|0|520|0|0|520|0|0|520|0|0|0|0|0|545|545|545|545|545|0|549|0|510|510|0|510|0|510|510
0|546|546|0|0|460|0|0|550|0|0|551|0|460|0|0|552|0|0|553|0|531|531|0|0|0|0|0|533|533|0|0|0|534|0|534|534|0|534|0|535|0|0|554|554|0|548|548|0|0|0|0|0|0|0|0|0|555|0|442|442|0|442|442|0|0|0|0|485|0|0|485|485|485|485|485|0|485|485|485|485|0|518|518|0|518|518|518|0|544|544|544|544|544|544|544|544|0|0|544|544|0|0|520|520|520|520|520|520|520|0|0|520|0|0|545|545|545|0|0|0|0|510|510|510|510|510|510
0|546|0|460|460|460|0|0|550|0|550|0|0|460|0|0|0|0|556|0|0|0|531|0|0|557|557|0|533|0|558|0|534|534|0|534|534|534|534|0|0|0|0|0|0|0|548|548|548|0|0|0|0|559|559|0|0|555|0|0|0|0|442|442|0|0|560|560|0|0|0|485|485|485|0|485|485|485|0|485|0|561|0|0|0|518|0|518|0|0|0|544|544|0|0|0|544|544|544|0|544|544|0|520|0|0|0|0|520|0|520|520|520|520|520|0|545|545|0|0|0|0|0|510|0|0|510|510
546|546|0|0|460|0|0|0|550|550|550|550|0|0|0|0|0|562|0|531|531|531|531|531|0|557|0|0|0|0|0|0|534|0|0|534|534|534|0|563|563|563|0|0|548|548|0|548|548|548|548|0|0|0|559|0|564|0|565|565|0|566|0|442|0|560|0|560|0|560|0|0|0|485|485|485|485|0|567|0|568|0|569|0|0|0|0|518|0|0|544|544|0|570|570|0|0|0|544|544|544|0|0|520|0|571|0|0|520|520|520|520|0|0|0|0|0|0|572|0|572|572|572|0|573|573|0|510
546|0|0|574|0|575|575|0|0|0|550|0|0|0|562|562|0|562|0|0|531|531|531|531|0|0|0|534|0|576|0|534|534|534|0|534|0|0|0|563|0|563|0|0|548|548|548|0|548|548|548|548|0|0|559|0|0|0|565|0|577|0|578|0|560|560|560|560|560|560|0|485|485|485|0|0|485|0|0|0|0|0|0|579|0|518|518|518|0|0|544|0|570|0|570|570|570|570|0|0|544|0|0|520|0|571|0|0|0|520|520|0|580|580|0|580|580|0|572|572|572|572|572|572|0|573|0|510
0|0|581|0|575|575|0|0|0|0|0|0|582|0|562|0|0|562|562|0|531|0|531|531|0|0|534|534|534|0|534|534|534|534|534|0|583|583|583|0|0|563|563|563|0|0|548|548|548|0|548|548|0|584|0|585|585|585|0|586|0|0|578|578|0|560|560|560|560|0|485|485|485|0|0|0|485|0|0|0|0|0|587|0|0|0|518|0|0|588|0|0|570|570|570|570|570|570|0|0|0|0|0|0|571|571|571|0|589|0|520|0|580|580|580|580|580|0|0|572|572|572|0|0|0|0|0|0
581|581|581|0|575|575|0|590|0|590|0|590|0|0|562|562|562|562|0|0|0|0|0|531|531|0|534|534|0|0|534|534|0|0|0|583|583|583|0|0|563|563|0|563|0|548|0|0|0|0|0|548|548|0|591|0|0|0|586|586|0|0|578|578|0|0|0|560|0|592|0|485|0|593|593|0|0|0|594|0|0|0|0|0|595|595|0|0|0|0|0|570|570|0|0|570|570|570|0|0|596|0|0|0|0|0|571|0|0|0|520|520|0|0|580|580|580|0|572|572|572|0|0|597|597|597|597|597
581|581|0|598|0|575|0|590|590|590|0|590|0|562|562|0|562|0|599|599|0|0|531|531|0|0|534|534|534|534|534|0|534|0|600|0|0|0|0|0|0|563|0|563|0|548|548|0|548|548|548|548|0|548|0|0|601|601|0|586|0|0|0|578|578|578|578|0|592|592|0|485|485|0|0|602|602|0|0|603|0|604|0|595|595|595|0|605|0|0|570|570|570|570|570|570|0|0|570|0|596|0|0|571|571|571|571|571|0|0|0|520|520|0|580|580|0|572|572|572|0|0|606|0|0|597|0|0
581|0|0|598|0|575|575|0|0|590|0|590|0|0|0|607|0|608|0|0|0|0|531|531|531|0|0|0|0|534|0|0|534|534|0|609|0|610|0|0|0|0|0|0|548|548|548|548|548|548|0|548|0|548|0|611|0|0|0|586|586|586|0|0|578|578|0|0|592|592|592|0|485|0|0|0|602|602|0|603|0|0|0|595|0|0|570|0|570|0|570|570|570|0|570|0|612|0|570|0|596|0|571|571|571|0|571|571|0|0|0|0|0|0|0|0|0|0|0|0|606|606|606|0|0|0|613|0
581|0|575|0|575|575|0|590|590|590|590|590|590|590|590|0|0|608|0|0|0|0|531|531|0|0|534|0|0|534|534|534|534|534|534|0|0|0|614|0|615|0|616|0|548|548|0|0|548|548|0|548|548|548|0|0|617|0|586|586|586|0|618|618|0|0|0|0|592|0|592|0|485|0|0|0|0|602|0|0|0|619|0|595|0|0|570|570|570|570|570|0|570|0|0|0|0|570|570|0|596|0|571|0|0|571|571|571|571|571|0|620|0|0|620|620|0|620|620|620|0|0|0|0|621|0|613|613
0|575|575|575|575|575|0|0|590|590|590|0|590|0|590|590|590|0|0|0|531|531|531|0|0|0|534|534|534|534|0|534|0|0|534|0|0|614|614|614|0|0|616|0|0|0|0|0|0|0|548|548|0|0|0|617|617|0|586|0|0|0|0|618|0|618|0|0|0|0|592|0|0|0|0|622|622|0|0|619|619|619|0|0|0|0|570|0|0|570|570|570|570|570|570|570|570|570|570|0|596|0|571|571|0|0|571|0|0|0|620|620|0|620|620|620|0|0|0|620|620|620|620|0|621|621|0|0
0|575|575|575|0|0|0|623|0|590|0|0|590|590|0|0|0|624|0|531|531|0|531|0|625|0|534|534|534|0|534|0|626|626|0|627|627|0|0|0|628|0|616|616|0|0|0|629|0|630|0|548|548|0|0|0|617|0|0|631|631|0|618|618|618|618|0|0|592|592|592|0|632|632|0|0|0|0|633|0|0|0|634|634|0|0|0|635|635|0|0|0|570|0|0|570|0|570|0|0|596|0|0|0|636|0|0|0|0|637|0|620|0|620|0|0|620|620|0|620|0|620|0|0|0|0|638|638
0|0|0|575|0|639|0|0|0|0|590|590|590|590|0|0|624|624|0|0|531|531|531|531|0|0|534|534|534|0|534|0|626|0|627|627|627|627|627|0|0|0|616|616|616|616|616|0|640|0|617|0|0|617|617|617|617|617|0|0|0|0|618|0|0|618|618|618|0|0|592|592|0|632|632|632|0|0|0|641|0|634|634|634|634|634|634|0|0|642|0|643|0|0|0|570|570|0|0|0|0|644|644|0|0|0|0|645|0|637|0|620|620|620|620|620|620|620|620|620|0|620|620|620|620|0|0|638
646|0|575|575|575|0|0|0|0|0|0|0|0|590|0|624|624|624|624|0|531|531|531|0|0|0|0|0|534|534|534|534|0|647|0|0|627|0|0|616|616|616|616|616|616|616|616|616|0|0|617|617|617|617|617|617|0|617|0|0|618|618|618|618|618|0|618|0|0|648|0|592|0|0|0|632|632|632|632|0|634|0|634|0|0|634|634|0|0|0|643|643|643|0|0|570|570|0|0|649|0|644|0|650|0|0|645|645|0|0|0|620|0|620|0|0|620|620|0|620|0|620|0|620|0|638|638|638
646|646|0|575|0|646|646|646|0|0|0|651|0|0|652|0|0|624|0|653|0|531|0|0|654|654|0|0|534|534|0|0|0|647|0|0|0|655|0|0|0|616|0|0|0|0|0|616|0|617|617|0|617|0|0|617|617|0|0|0|618|0|0|0|618|0|0|656|656|0|592|592|0|632|632|632|632|0|0|0|634|634|634|0|657|0|634|0|0|658|0|0|0|0|0|570|0|0|0|0|644|644|0|0|645|645|645|0|0|0|0|0|0|0|0|659|0|620|620|620|0|0|0|0|660|0|638|0
646|646|0|0|646|646|0|0|661|0|651|651|0|0|0|0|0|0|0|0|0|0|0|0|0|0|534|534|534|534|534|534|534|0|0|0|0|655|0|0|0|616|0|662|0|0|616|616|0|617|617|0|0|0|0|0|0|663|0|664|0|663|0|0|0|665|0|0|656|0|592|0|592|0|632|632|632|0|0|634|634|634|634|634|0|0|634|0|0|0|666|666|0|667|0|0|0|668|668|0|644|644|0|645|645|0|0|0|669|0|670|0|671|0|672|0|673|0|0|0|674|674|0|660|660|0|638|0
0|646|0|0|646|0|0|675|0|651|651|651|651|651|0|0|676|0|676|0|676|0|0|677|0|0|0|534|0|0|534|0|0|0|678|0|679|0|680|0|681|0|682|0|616|0|616|0|0|617|0|683|0|0|0|0|0|663|0|0|663|663|663|0|665|665|665|665|0|0|592|592|592|592|0|0|632|0|634|634|634|634|634|634|634|634|0|0|0|666|666|666|0|0|0|684|0|0|0|644|644|644|0|645|0|0|669|669|669|0|0|0|671|0|672|672|0|0|660|660|0|0|660|660|0|0|638|638
646|646|646|646|646|0|675|675|0|0|0|651|0|0|676|676|676|676|676|676|676|0|0|0|0|0|0|534|534|534|534|0|0|0|678|678|0|685|0|0|0|686|0|616|616|616|616|0|0|0|0|683|0|687|0|663|663|663|663|663|663|0|0|0|665|0|665|0|0|688|0|592|0|592|0|689|0|690|0|634|634|634|634|0|0|634|634|0|691|0|666|666|0|0|692|0|0|692|0|644|644|644|0|0|0|0|669|0|669|669|669|0|0|0|0|0|0|660|0|660|0|660|0|660|660|0|638|0
0|0|646|0|646|0|675|675|675|675|0|0|0|675|0|676|676|0|0|676|676|0|0|0|693|0|694|0|534|0|534|0|0|678|678|678|0|685|0|686|686|686|686|0|616|616|0|695|0|0|0|0|0|0|696|0|0|663|0|663|0|0|665|665|665|0|0|697|0|0|689|0|689|0|689|689|0|0|634|634|0|0|0|0|634|634|0|0|691|691|0|666|666|0|692|692|692|692|692|0|0|644|0|698|698|698|0|699|0|0|669|0|0|0|700|0|660|660|660|660|660|660|660|660|660|0|638|638
701|0|646|0|0|702|0|675|675|675|675|675|675|675|0|0|0|0|0|0|0|0|0|0|693|693|0|703|0|0|534|534|534|0|0|0|704|0|0|686|0|0|0|616|616|616|0|0|0|0|0|705|0|696|696|0|663|663|0|663|663|663|0|0|0|0|689|0|689|0|689|0|689|0|0|689|0|0|634|634|634|634|0|634|634|0|0|691|691|0|666|0|666|0|692|692|692|692|692|0|0|0|698|698|698|0|706|0|0|707|0|0|0|0|700|700|0|0|660|0|0|660|660|0|660|0|638|638
0|708|0|702|702|702|0|0|675|0|675|0|675|675|0|675|0|0|675|0|709|709|709|709|0|0|710|0|711|0|534|0|534|0|0|704|704|704|704|0|0|0|0|0|616|616|616|616|0|712|712|0|0|0|0|0|0|0|0|0|0|0|0|713|713|0|689|689|689|689|689|689|689|689|689|689|689|0|634|634|0|0|714|0|0|691|0|691|0|666|666|0|666|666|0|0|692|0|692|0|0|666|0|698|0|0|706|706|0|0|715|715|0|0|0|700|700|0|660|0|716|0|0|0|0|717|0|638
702|0|0|702|0|702|0|0|0|675|675|675|0|675|675|675|675|675|675|0|709|0|709|0|0|718|0|0|711|0|534|534|0|719|0|704|704|704|0|0|0|0|0|0|0|0|616|616|0|0|0|720|720|720|720|0|721|0|722|722|722|722|0|713|0|0|689|0|0|0|689|0|689|0|0|689|689|0|0|0|723|723|0|691|691|691|691|691|0|666|666|666|666|0|0|724|0|725|0|666|666|666|666|0|0|0|0|706|706|0|715|0|726|0|727|0|700|700|0|0|0|728|0|0|729|0|729|0
702|702|702|702|702|702|0|730|0|0|0|0|731|0|0|675|0|0|0|0|0|0|0|0|0|0|732|0|0|534|534|534|0|0|0|704|704|704|0|733|0|0|0|0|0|616|0|616|0|720|0|720|0|0|720|0|0|0|0|722|0|722|0|713|0|0|0|734|0|0|689|689|0|735|0|689|689|689|689|0|0|0|0|0|0|691|0|0|0|0|0|666|666|666|666|0|0|0|0|666|0|0|0|0|666|0|706|706|0|0|0|726|726|726|0|736|0|700|0|729|729|0|737|0|729|729|729|729
0|702|0|702|702|702|702|0|738|738|0|739|0|0|0|0|0|0|740|740|0|0|741|0|0|732|732|0|534|534|0|0|0|0|0|0|704|0|0|0|742|742|742|0|616|616|0|616|0|720|720|720|0|0|0|0|743|0|0|0|722|722|722|0|0|744|744|0|745|0|0|689|0|0|0|689|0|0|0|746|746|0|0|0|747|0|0|0|0|748|0|0|0|0|666|666|666|666|666|666|666|666|666|666|666|666|0|0|0|749|0|0|726|0|0|736|0|700|0|729|729|729|0|750|0|729|729|0
0|702|0|0|702|0|0|738|0|738|0|0|751|0|752|752|0|0|0|0|534|534|0|0|0|0|0|753|0|534|0|0|534|534|0|754|0|0|755|755|0|742|742|742|0|616|616|616|0|0|0|720|720|720|0|0|0|756|0|757|0|0|722|0|758|0|0|745|745|745|745|0|759|0|689|689|0|760|0|746|746|746|0|761|0|762|762|762|0|0|763|763|763|0|666|0|0|666|666|666|666|0|666|666|0|666|0|0|0|0|0|726|726|0|764|0|729|0|729|0|729|0|729|0|0|729|729|0
765|0|765|0|0|0|738|738|738|738|0|766|0|766|0|0|767|0|768|768|0|534|534|534|534|0|753|753|0|534|534|534|534|0|0|0|0|534|0|0|769|0|742|742|742|0|0|616|0|0|770|0|720|0|0|0|756|756|756|0|771|0|0|0|0|745|745|745|745|745|745|0|759|0|689|689|0|0|746|746|746|0|761|761|0|762|0|0|0|763|763|763|763|763|0|0|772|0|0|0|666|0|666|666|0|0|666|666|0|726|726|726|726|0|0|0|729|729|729|729|729|0|729|729|729|729|0|0
765|765|765|765|0|0|738|738|0|0|0|766|766|766|766|766|0|773|0|768|0|534|534|0|534|0|753|0|534|534|0|534|534|534|534|0|534|534|0|774|0|775|0|0|742|0|776|0|0|777|0|778|0|0|0|756|756|0|0|0|771|0|0|779|779|0|0|0|745|745|745|0|759|0|0|0|0|780|0|746|746|0|0|0|0|762|0|763|763|763|763|0|0|0|0|772|772|0|781|0|666|666|666|666|666|666|666|666|0|0|0|0|726|726|726|0|729|729|0|0|729|0|729|729|0|729|0|0
0|0|765|765|765|0|0|0|766|0|766|766|0|766|766|0|766|0|0|768|0|0|534|534|534|534|0|0|534|0|0|534|534|0|534|0|0|534|0|0|775|775|775|775|0|0|0|0|782|0|778|778|0|783|0|0|756|756|756|756|0|0|0|779|0|0|0|784|0|745|745|0|759|759|0|780|780|780|0|0|0|0|0|0|0|762|0|0|763|763|0|0|0|785|0|0|0|781|781|0|666|666|666|0|666|666|0|666|0|0|786|0|0|726|0|729|0|729|0|787|0|0|729|0|0|729|729|0
765|765|765|0|0|788|0|0|766|766|766|766|766|0|0|766|766|766|766|0|534|534|534|534|534|0|534|534|534|0|0|534|0|0|534|534|0|534|0|789|0|0|775|0|0|0|790|0|0|791|0|0|0|783|783|0|756|0|756|0|756|0|0|0|0|0|756|0|0|0|0|759|0|759|0|780|0|780|780|780|0|0|0|762|0|762|762|762|0|763|0|792|792|0|0|793|0|0|0|0|0|666|666|666|666|0|794|0|0|0|0|0|726|726|0|729|729|729|729|0|729|729|729|729|0|0|729|729
0|765|0|795|795|0|0|0|766|766|766|766|766|766|766|0|766|0|766|0|0|534|534|534|0|0|534|534|0|0|0|0|0|0|0|534|534|534|534|0|796|0|775|775|0|797|0|798|0|0|0|799|799|0|0|800|0|756|756|756|756|756|756|756|756|756|756|0|0|801|0|759|759|759|0|0|780|780|0|0|0|0|762|762|0|0|762|762|762|0|0|0|0|0|0|0|802|0|803|0|0|666|0|0|0|794|794|794|0|0|729|0|0|0|729|729|729|0|0|729|729|0|0|0|804|0|0|729
0|0|0|0|0|0|805|0|0|766|766|766|0|766|766|766|766|0|0|0|534|534|0|534|534|534|534|0|0|806|806|0|534|534|534|534|534|534|534|0|0|775|775|0|807|0|775|0|0|0|0|0|0|808|808|0|756|756|756|0|756|0|756|0|756|0|756|756|0|0|809|0|759|0|810|810|0|0|0|0|762|0|762|762|762|762|762|0|762|762|762|762|0|0|811|0|802|802|0|0|0|0|0|0|0|794|794|0|812|0|729|729|729|729|729|0|729|729|729|729|0|813|813|0|804|804|0|0
814|814|814|814|0|815|0|816|816|0|766|0|766|766|0|0|766|0|817|0|0|534|0|0|534|534|0|806|806|806|0|0|534|0|534|0|0|534|534|534|0|0|775|775|0|0|775|0|0|818|818|818|818|0|808|808|0|0|0|756|756|0|0|756|756|0|0|756|756|0|809|0|0|0|810|0|0|819|0|762|762|762|762|762|0|0|0|820|0|762|0|0|0|0|811|0|0|802|802|0|821|821|0|0|0|0|0|822|0|0|0|0|0|729|729|0|729|729|0|0|813|813|0|0|804|0|823|0
814|0|0|814|814|0|0|0|0|0|766|766|766|0|824|0|0|817|817|0|0|0|825|0|0|0|806|806|0|0|826|0|0|0|534|0|0|534|0|0|0|775|775|0|0|775|775|775|0|0|818|818|0|0|0|808|0|0|756|756|0|0|0|756|0|756|756|756|756|0|809|809|0|0|0|0|0|819|819|0|0|0|0|0|0|820|0|820|0|762|0|0|0|0|811|0|0|802|802|802|0|0|827|827|827|0|828|0|0|0|0|829|0|729|0|0|729|0|0|0|0|0|0|830|0|0|0|831
814|814|814|0|0|0|0|766|766|766|766|766|766|766|0|0|817|817|817|0|832|832|0|833|0|0|806|0|834|0|0|0|835|835|0|835|0|534|0|0|0|775|0|836|0|0|0|775|0|818|818|0|837|0|0|0|756|0|756|756|0|838|0|0|0|756|0|756|0|756|0|809|0|0|0|819|0|819|819|819|0|839|0|0|820|820|820|820|0|0|0|0|840|840|0|802|802|802|0|0|841|841|0|827|827|827|0|842|842|842|0|0|729|729|729|729|729|729|729|0|0|843|843|0|843|843|843|0
814|814|0|766|766|0|0|766|766|0|766|0|0|766|766|766|0|817|817|0|0|832|0|0|844|0|0|0|0|845|0|0|0|835|835|835|835|0|775|775|775|775|775|0|775|775|0|775|775|0|818|0|837|0|0|0|756|756|756|0|846|0|756|756|756|756|0|756|756|756|0|0|0|0|819|819|819|819|0|0|847|0|0|848|0|820|0|0|0|0|0|840|0|840|840|0|0|0|0|0|0|841|841|0|0|0|842|842|842|842|0|0|0|729|729|0|729|0|0|0|0|843|843|843|843|0|843|843
0|0|766|766|766|766|766|766|0|0|0|0|766|766|766|766|0|0|0|849|0|832|0|0|0|850|0|851|0|0|852|0|0|835|0|0|835|835|0|0|775|775|775|775|775|775|775|775|0|0|0|837|837|837|0|756|756|0|0|0|846|846|0|756|0|756|0|0|0|0|853|0|854|0|819|0|819|0|847|847|847|0|855|0|0|0|0|856|856|0|840|840|840|840|0|857|0|0|858|858|0|0|0|0|0|0|0|842|842|0|0|842|0|0|729|729|0|729|729|729|729|0|843|843|843|843|843|0
859|859|0|0|0|766|0|766|766|766|0|860|0|0|766|766|766|0|0|849|0|0|849|849|0|0|861|0|849|849|0|0|0|835|835|0|835|835|835|0|775|775|0|0|0|0|0|0|0|0|0|0|837|0|0|756|756|756|756|0|0|0|0|756|0|756|0|0|0|853|853|0|0|819|819|0|819|819|0|0|847|0|0|862|0|0|863|0|0|864|0|840|0|840|0|857|0|858|858|858|858|0|858|0|0|0|0|842|842|842|842|842|0|0|729|0|0|729|0|729|0|865|0|0|0|0|843|0
0|0|0|0|866|0|766|766|766|766|0|860|0|867|0|766|0|0|0|849|849|849|849|849|849|0|0|0|849|849|849|0|835|0|835|835|0|0|0|0|775|0|0|0|0|868|0|869|869|0|0|837|837|837|837|0|0|0|0|870|870|0|0|0|756|756|756|0|853|853|0|0|819|819|819|819|819|0|0|0|847|847|847|0|871|0|0|0|0|864|0|840|0|0|872|0|858|858|858|0|858|858|858|0|873|873|873|0|0|842|842|0|729|0|729|729|729|729|729|0|865|865|865|0|0|874|0|0
875|875|0|866|866|0|766|0|766|0|0|0|867|867|0|0|849|849|849|849|0|0|0|0|849|849|849|849|849|849|0|0|835|835|835|0|0|0|775|775|775|0|0|876|876|0|0|0|869|0|0|0|0|837|0|0|837|837|0|0|0|877|0|756|0|756|756|0|0|853|853|0|0|0|819|819|0|878|0|847|847|847|0|879|0|879|879|0|0|0|0|0|880|0|0|858|858|0|0|0|858|858|0|0|873|873|0|881|881|0|0|729|729|729|729|0|0|729|0|0|0|865|0|874|874|874|0|882
0|0|883|0|0|0|0|0|766|766|0|867|867|0|0|849|0|849|849|0|884|0|885|0|849|0|849|849|0|0|0|0|835|0|0|0|0|0|775|0|775|775|775|0|0|0|0|0|869|0|886|0|837|837|837|837|837|0|887|0|888|0|0|756|756|756|0|889|0|853|853|0|890|890|0|819|0|0|891|0|0|0|879|879|0|879|879|879|879|0|892|0|880|880|0|858|858|858|0|893|0|0|858|858|0|0|894|0|0|895|895|0|729|729|0|0|896|0|0|865|865|865|865|0|0|874|0|882
0|897|0|0|766|766|766|766|766|766|0|867|867|0|849|849|849|849|0|884|884|884|0|849|849|849|0|849|0|0|898|0|835|835|0|899|0|0|775|775|775|775|0|900|0|0|0|901|0|886|886|0|0|0|837|0|0|0|887|0|0|756|756|756|756|0|0|889|889|0|0|0|890|890|890|0|0|0|0|0|902|902|0|879|879|879|0|879|0|0|0|0|880|880|0|858|858|858|858|0|858|858|858|0|903|0|0|904|0|895|0|905|0|0|906|0|0|907|0|865|0|0|865|0|908|0|909|0
910|0|766|766|766|766|766|766|0|766|766|0|867|0|849|0|0|0|0|0|884|0|911|0|849|849|849|849|0|912|0|913|0|0|0|0|914|914|0|775|775|775|775|0|0|0|0|901|0|0|0|0|0|0|0|0|0|915|0|756|756|756|0|0|0|916|0|889|889|0|0|917|0|890|890|0|918|0|0|919|0|902|902|0|0|879|0|0|858|0|0|858|0|0|858|0|858|0|0|858|858|858|0|0|903|0|904|904|0|0|920|0|0|0|0|921|0|0|922|0|0|865|865|0|0|0|0|0
910|0|0|0|766|0|0|766|0|0|0|0|867|0|849|849|0|0|923|923|0|849|0|849|0|849|849|0|912|912|0|913|0|0|924|0|0|914|0|775|775|775|775|0|0|925|0|901|901|901|901|0|926|0|927|0|0|0|928|0|756|756|0|0|929|0|889|889|0|930|930|0|931|0|890|890|0|919|919|919|919|0|902|0|0|0|0|858|858|858|0|858|858|0|858|858|858|858|0|0|858|858|0|858|0|0|0|904|904|0|920|0|932|932|932|0|933|0|922|922|922|0|0|922|922|0|934|934
0|0|935|0|0|0|0|766|0|0|936|0|867|867|0|0|0|923|923|0|0|849|849|849|849|0|849|0|0|0|0|913|913|913|0|937|937|0|775|775|0|775|0|938|0|0|901|901|0|901|901|0|0|0|927|0|928|928|928|0|756|0|0|0|0|889|889|0|939|0|0|0|931|0|890|890|890|0|919|919|0|0|902|0|940|0|0|0|858|0|0|858|858|858|858|0|0|858|858|0|858|858|0|858|858|858|0|0|904|0|0|932|932|932|932|932|0|0|0|922|922|922|922|922|922|0|0|934
941|941|0|942|942|0|943|0|944|944|0|945|0|0|945|945|0|923|923|923|0|849|849|849|849|849|849|849|0|849|849|0|913|913|0|0|0|913|0|775|775|0|0|938|0|946|0|901|0|0|901|0|947|0|927|927|0|0|0|0|756|0|948|948|0|0|889|0|0|0|949|949|0|0|890|890|890|890|0|919|0|950|0|0|940|0|0|0|858|858|858|0|0|858|858|0|951|0|858|858|858|858|858|858|0|0|0|904|904|904|904|0|932|0|0|0|952|952|0|0|0|922|922|0|0|953|0|934
0|0|954|0|942|942|0|0|0|0|945|945|0|955|0|945|945|0|0|923|0|0|0|849|0|0|849|849|849|849|849|849|0|913|913|913|0|913|913|0|0|956|0|0|946|946|0|901|0|901|901|0|0|0|0|0|957|957|0|0|0|948|948|0|948|948|0|0|958|0|949|0|959|0|890|890|890|0|960|0|961|0|940|940|940|940|940|940|0|0|858|858|858|858|0|962|0|858|858|0|858|858|0|0|0|858|858|0|0|904|0|932|932|932|0|0|952|0|0|963|0|0|0|964|964|0|0|0
965|965|0|0|0|0|966|0|945|945|945|945|945|0|0|945|945|945|0|923|923|0|849|849|0|849|849|849|849|0|849|0|913|913|0|913|913|913|0|956|956|956|0|0|946|0|901|0|901|901|0|0|0|957|957|957|957|957|0|0|0|0|948|948|948|948|0|0|0|949|949|949|0|0|0|890|890|0|960|0|0|940|940|940|940|940|940|940|0|0|0|858|858|0|967|0|0|858|0|858|858|0|858|858|858|858|0|968|968|0|969|0|932|932|932|0|952|0|0|963|0|963|0|964|964|0|0|970
965|965|0|971|0|972|0|0|0|0|945|0|945|945|945|945|945|0|0|923|0|973|0|849|849|0|849|849|849|849|849|0|0|0|974|0|0|0|975|0|956|0|956|0|0|901|901|901|901|901|0|976|0|0|0|0|957|0|977|0|0|978|0|948|0|0|0|949|949|949|949|949|0|979|0|0|0|980|0|0|981|0|0|940|0|940|940|0|982|982|0|858|0|967|967|967|0|0|858|858|858|858|858|858|858|858|0|0|0|0|969|969|0|0|0|983|0|0|963|963|963|963|0|964|0|984|0|970
965|965|965|0|0|0|0|985|985|0|0|0|945|0|945|0|945|0|986|0|987|0|0|849|849|849|0|849|0|0|0|0|988|0|0|0|0|0|0|0|956|956|956|956|0|901|901|0|0|0|989|0|990|0|991|0|0|0|0|978|978|978|0|948|0|0|0|0|0|0|0|0|979|979|0|0|980|980|980|0|0|0|0|940|940|940|940|0|982|982|0|0|0|0|967|967|0|858|858|858|858|858|0|0|858|0|992|992|992|0|0|0|0|993|0|0|994|994|0|963|963|963|0|0|995|0|0|970
965|0|0|996|0|0|0|985|985|0|0|0|0|945|945|0|0|0|986|986|0|997|0|0|0|849|0|0|988|988|988|988|988|988|988|988|988|988|0|956|956|0|956|0|0|901|901|0|0|989|989|989|0|991|991|0|0|998|0|0|0|0|0|948|948|0|0|999|999|0|979|979|979|0|1000|1000|0|0|980|0|1000|1000|0|940|940|0|940|0|0|0|1001|1001|1001|0|0|0|0|858|858|0|858|0|0|1002|0|992|992|0|992|0|0|993|993|993|993|0|994|994|0|963|0|0|1003|0|0|1004|1004|0
0|0|0|996|996|0|0|985|985|985|0|945|945|945|0|0|0|1005|0|986|0|0|1006|0|0|0|0|0|0|988|988|0|988|0|0|988|0|0|0|956|0|0|0|0|901|901|901|0|0|0|989|989|0|0|991|0|1007|0|0|0|1008|1008|0|948|948|948|0|0|0|0|979|0|0|0|1000|0|1000|0|0|1000|0|1000|1000|0|0|0|940|940|0|0|0|0|1001|1001|0|0|0|858|858|858|858|0|1009|0|0|0|992|992|992|992|0|993|993|0|993|0|0|0|0|963|963|963|0|1010|0|0|1004|1004
1011|0|0|996|0|1012|0|0|985|0|0|945|0|945|945|0|945|0|986|986|986|986|0|1013|0|0|0|0|0|988|988|0|0|0|0|988|0|1014|0|956|956|0|1015|0|0|0|0|1016|1016|0|989|0|0|0|991|0|0|0|1017|0|1008|1008|1008|0|0|0|1018|1018|0|979|979|979|0|0|1000|1000|1000|1000|1000|1000|0|1000|1000|0|1000|1000|0|940|0|0|0|1001|1001|0|0|858|858|858|858|0|0|858|0|0|1019|1019|0|0|992|0|993|993|993|993|993|993|0|1020|0|0|0|0|1021|0|0|1004|1004|0
1011|0|1022|0|0|0|0|1023|0|1023|0|945|0|945|0|945|945|945|0|0|0|986|986|0|986|986|0|0|0|0|0|0|986|0|0|0|0|1014|1014|0|0|1024|0|1025|0|1025|1025|0|1016|0|989|989|989|989|0|0|1017|1017|1017|0|0|1008|0|0|1026|0|1018|1018|1018|0|0|0|1027|0|1000|0|0|0|0|1000|1000|1000|0|0|1000|0|0|0|1028|1028|1028|0|1001|1001|0|0|858|858|858|858|858|858|0|0|0|1019|1019|0|0|0|993|993|993|0|0|0|1029|0|0|0|0|1030|0|1031|0|0|0|0
0|0|1022|0|0|0|1023|1023|0|1023|1023|0|945|945|945|945|945|0|945|945|0|986|986|986|986|986|0|986|986|986|986|986|986|0|1032|0|0|1014|0|0|1033|0|1025|1025|1025|1025|0|1034|0|0|989|989|989|0|1035|0|1017|1017|1017|1017|0|1008|1008|0|1026|0|0|1018|0|0|0|0|1027|1027|0|1036|1036|0|0|0|1000|1000|1000|1000|1000|0|1037|1037|0|1028|1028|0|0|1001|0|858|858|858|858|0|0|0|0|0|1038|0|1019|1019|0|1039|0|0|993|993|993|0|1029|1029|0|1031|1031|0|0|1031|1031|1031|1031|0
0|0|1022|0|1022|1022|0|1023|1023|1023|0|0|945|945|945|945|945|945|0|945|945|0|0|0|0|986|986|986|986|986|0|0|0|0|0|0|1014|1014|1014|0|0|1025|1025|0|1025|0|0|1034|0|0|0|989|989|0|0|0|0|1017|1017|1017|1017|0|1008|1008|0|0|0|1018|1018|0|0|0|1027|0|1040|0|1036|0|1036|0|0|1000|1000|1000|1000|1000|0|0|0|1028|0|1041|1041|0|858|858|0|0|0|0|0|0|1042|0|0|1019|1019|0|0|1039|1039|0|993|993|0|0|1029|1029|0|1031|0|1031|1031|1031|1031|1031|1031|0
1043|0|1022|1022|1022|0|0|1023|0|0|0|1044|0|0|945|945|0|945|945|0|945|0|1045|0|986|986|0|986|986|986|0|1046|0|0|0|0|1014|0|0|1025|1025|1025|1025|0|0|0|0|0|989|989|989|989|989|0|1047|0|1017|1017|1017|0|0|0|1008|0|1048|1048|1048|0|0|0|0|0|0|0|0|1036|1036|1036|1036|0|0|0|1000|1000|1000|1000|0|0|1049|0|0|0|0|858|858|858|0|1050|0|0|0|0|0|1051|1051|0|0|0|0|0|1039|0|993|0|0|1052|0|0|1031|1031|1031|1031|1031|1031|1031|0|0|1053
1043|1043|0|1022|0|1054|1054|0|1044|1044|1044|1044|1044|0|945|945|945|0|945|0|945|0|0|0|986|986|0|0|986|0|1055|0|0|1056|0|0|0|0|0|0|1025|0|0|0|0|0|0|0|0|989|989|989|989|0|0|1057|0|0|1017|1017|1017|1017|0|1048|1048|1048|1048|1048|0|1048|1048|1048|0|0|1036|1036|0|0|1036|0|0|0|1000|0|1000|1000|1000|0|1049|0|0|0|858|858|0|0|1058|0|0|0|1059|0|0|0|0|0|0|1060|1060|1060|0|0|0|1061|0|0|0|0|1031|1031|0|1031|1031|1031|1031|0|1053|1053
0|0|1022|1022|0|0|1054|1054|0|1044|1044|0|0|1062|0|0|0|945|945|945|945|0|1063|0|0|986|0|986|986|0|0|0|0|1056|0|0|0|1064|1064|1064|0|0|0|1065|0|0|1066|0|1067|0|989|0|989|989|0|1057|0|0|0|1017|1017|0|0|0|0|0|1048|1048|1048|1048|0|0|1036|1036|1036|0|1036|1036|1036|0|1000|1000|1000|1000|1000|0|0|1068|0|0|1069|1069|0|0|1070|0|1058|0|0|0|1059|0|1071|0|1060|1060|1060|1060|1060|0|1072|1072|1072|0|1073|0|0|1074|0|1031|0|1031|0|1031|1031|0|0|0
1074
